8
Day0       0.0000000 0.0002035 0.0000678 0.0000678 0.0000339 0.0000678 0.0000678 0.0001018 
Day11      0.0002035 0.0000000 0.0002687 0.0002687 0.0002351 0.0002687 0.0002687 0.0003023 
Day13      0.0000678 0.0002687 0.0000000 0.0000672 0.0000336 0.0000672 0.0000672 0.0001008 
Day20      0.0000678 0.0002687 0.0000672 0.0000000 0.0000336 0.0000010 0.0000010 0.0000336 
Day22      0.0000339 0.0002351 0.0000336 0.0000336 0.0000000 0.0000336 0.0000336 0.0000672 
Day24      0.0000678 0.0002687 0.0000672 0.0000010 0.0000336 0.0000000 0.0000010 0.0000336 
Day27      0.0000678 0.0002687 0.0000672 0.0000010 0.0000336 0.0000010 0.0000000 0.0000336 
Day38      0.0001018 0.0003023 0.0001008 0.0000336 0.0000672 0.0000336 0.0000336 0.0000000 
