20
Day0       0.0000000 0.0036592 0.0000010 0.0036592 0.0073335 0.0000010 0.0036592 0.0185942 0.0147284 0.0337239 0.0689888 0.0689867 0.0568086 0.0224190 0.0224200 0.0302930 0.0111097 0.0266186 0.0224197 0.0302989 
Day36      0.0036592 0.0000000 0.0036566 0.0000010 0.0036565 0.0036593 0.0073335 0.0223451 0.0184483 0.0375491 0.0729737 0.0729390 0.0606654 0.0261867 0.0262122 0.0341529 0.0148442 0.0304872 0.0262118 0.0341596 
Day40      0.0000010 0.0036566 0.0000000 0.0036592 0.0073283 0.0000010 0.0036592 0.0185818 0.0147284 0.0337239 0.0689888 0.0689561 0.0567669 0.0224028 0.0224200 0.0302930 0.0111097 0.0266186 0.0224197 0.0302989 
Day44      0.0036592 0.0000010 0.0036592 0.0000000 0.0036593 0.0036592 0.0073333 0.0223593 0.0184483 0.0375479 0.0729737 0.0729714 0.0648303 0.0262110 0.0301001 0.0341519 0.0148442 0.0304872 0.0262110 0.0341596 
Day49      0.0073335 0.0036565 0.0073283 0.0036593 0.0000000 0.0073337 0.0110241 0.0185813 0.0221839 0.0413908 0.0769764 0.0769398 0.0645997 0.0224012 0.0224193 0.0302920 0.0185947 0.0266177 0.0224190 0.0302979 
Day53      0.0000010 0.0036593 0.0000010 0.0036592 0.0073337 0.0000000 0.0036591 0.0185942 0.0147288 0.0337239 0.0689888 0.0689888 0.0608922 0.0224197 0.0262813 0.0302920 0.0111097 0.0266194 0.0224190 0.0302998 
Day65      0.0036592 0.0073335 0.0036592 0.0073333 0.0110241 0.0036591 0.0000000 0.0223597 0.0110239 0.0299144 0.0729727 0.0729727 0.0648315 0.0262115 0.0300997 0.0341514 0.0148440 0.0304877 0.0262107 0.0341602 
Day81      0.0185942 0.0223451 0.0185818 0.0223593 0.0185813 0.0185942 0.0223597 0.0000000 0.0337518 0.0534543 0.0898822 0.0898387 0.0814127 0.0110448 0.0148051 0.0186616 0.0148060 0.0149923 0.0110521 0.0111526 
Day85      0.0147284 0.0184483 0.0147284 0.0184483 0.0221839 0.0147288 0.0110239 0.0337518 0.0000000 0.0185795 0.0850240 0.0850213 0.0725505 0.0376827 0.0376844 0.0458311 0.0261417 0.0421924 0.0376838 0.0458400 
Day88      0.0337239 0.0375491 0.0337239 0.0375479 0.0413908 0.0337239 0.0299144 0.0534543 0.0185795 0.0000000 0.1062914 0.1062880 0.0977008 0.0575589 0.0617051 0.0661342 0.0456251 0.0625194 0.0575589 0.0661493 
Day92_1    0.0689888 0.0729737 0.0689888 0.0729737 0.0769764 0.0689888 0.0729727 0.0898822 0.0850240 0.1062914 0.0000000 0.0000010 0.0110812 0.0942758 0.0942771 0.1035816 0.0817146 0.1000544 0.0942758 0.1036056 
Day92_2    0.0689867 0.0729390 0.0689561 0.0729714 0.0769398 0.0689888 0.0729727 0.0898387 0.0850213 0.1062880 0.0000010 0.0000000 0.0110762 0.0942300 0.0942771 0.1035816 0.0817146 0.1000511 0.0942758 0.1036022 
Day94      0.0568086 0.0606654 0.0567669 0.0648303 0.0645997 0.0608922 0.0648315 0.0814127 0.0725505 0.0977008 0.0110812 0.0110762 0.0000000 0.0813954 0.0814725 0.0949017 0.0691894 0.0869333 0.0857873 0.0904961 
Day97      0.0224190 0.0261867 0.0224028 0.0262110 0.0224012 0.0224197 0.0262115 0.0110448 0.0376827 0.0575589 0.0942758 0.0942300 0.0813954 0.0000000 0.0073336 0.0073982 0.0110527 0.0037145 0.0000010 0.0148623 
Day98_1    0.0224200 0.0262122 0.0224200 0.0301001 0.0224193 0.0262813 0.0300997 0.0148051 0.0376844 0.0617051 0.0942771 0.0942771 0.0814725 0.0073336 0.0000000 0.0186616 0.0110529 0.0111916 0.0110521 0.0148629 
Day98_2    0.0302930 0.0341529 0.0302930 0.0341519 0.0302920 0.0302920 0.0341514 0.0186616 0.0458311 0.0661342 0.1035816 0.1035816 0.0949017 0.0073982 0.0186616 0.0000000 0.0186628 0.0037052 0.0073980 0.0225890 
Day99_1    0.0111097 0.0148442 0.0111097 0.0148442 0.0185947 0.0111097 0.0148440 0.0148060 0.0261417 0.0456251 0.0817146 0.0817146 0.0691894 0.0110527 0.0110529 0.0186628 0.0000000 0.0149932 0.0110527 0.0186669 
Day99_2    0.0266186 0.0304872 0.0266186 0.0304872 0.0266177 0.0266194 0.0304877 0.0149923 0.0421924 0.0625194 0.1000544 0.1000511 0.0869333 0.0037145 0.0111916 0.0037052 0.0149932 0.0000000 0.0037146 0.0189038 
Day100_1   0.0224197 0.0262118 0.0224197 0.0262110 0.0224190 0.0224190 0.0262107 0.0110521 0.0376838 0.0575589 0.0942758 0.0942758 0.0857873 0.0000010 0.0110521 0.0073980 0.0110527 0.0037146 0.0000000 0.0148627 
Day100_2   0.0302989 0.0341596 0.0302989 0.0341596 0.0302979 0.0302998 0.0341602 0.0111526 0.0458400 0.0661493 0.1036056 0.1036022 0.0904961 0.0148623 0.0148629 0.0225890 0.0186669 0.0189038 0.0148627 0.0000000 
