10
Day0       0.0000000 0.1586975 0.0000365 0.0502930 0.0513089 0.0000731 0.1062059 1.0616857 0.0082829 0.0107950 
Day2       0.1586975 0.0000000 0.1586981 0.1190018 0.1128136 0.1587483 0.1556198 0.6840781 0.1480637 0.1728551 
Day5       0.0000365 0.1586981 0.0000000 0.0502932 0.0513509 0.0001096 0.1062536 1.0614639 0.0083206 0.0108329 
Day10      0.0502930 0.1190018 0.0502932 0.0000000 0.0322815 0.0503339 0.1106669 0.8494867 0.0593378 0.0620826 
Day12      0.0513089 0.1128136 0.0513509 0.0322815 0.0000000 0.0513081 0.0891403 0.8465473 0.0602438 0.0629532 
Day15      0.0000731 0.1587483 0.0001096 0.0503339 0.0513081 0.0000000 0.1062045 1.0617373 0.0082078 0.0107948 
Day22      0.1062059 0.1556198 0.1062536 0.1106669 0.0891403 0.1062045 0.0000000 0.6893439 0.0963902 0.1189045 
Day24      1.0616857 0.6840781 1.0614639 0.8494867 0.8465473 1.0617373 0.6893439 0.0000000 1.0210326 1.0089139 
Day29      0.0082829 0.1480637 0.0083206 0.0593378 0.0602438 0.0082078 0.0963902 1.0210326 0.0000000 0.0190211 
Day31      0.0107950 0.1728551 0.0108329 0.0620826 0.0629532 0.0107948 0.1189045 1.0089139 0.0190211 0.0000000 
